2.700000000000000000e+01
3.300000000000000000e+01
3.900000000000000000e+01
4.500000000000000000e+01
5.100000000000000000e+01
5.700000000000000000e+01
6.300000000000000000e+01
6.900000000000000000e+01
7.500000000000000000e+01
8.100000000000000000e+01
8.700000000000000000e+01
9.300000000000000000e+01
9.900000000000000000e+01
1.050000000000000000e+02
1.110000000000000000e+02
1.170000000000000000e+02
1.230000000000000000e+02
1.290000000000000000e+02
1.350000000000000000e+02
1.410000000000000000e+02
1.470000000000000000e+02
1.530000000000000000e+02
