4.644999999999999574e+00
3.937777777777777377e+00
5.244857142857142662e+00
4.750058823529411001e+00
9.385523809523808936e+00
9.315695652173911157e+00
1.197670833333333462e+01
9.483923076923076678e+00
1.066765384615384704e+01
1.243734615384615338e+01
1.412996153846153646e+01
1.723465384615384721e+01
1.213599999999999923e+01
1.304059999999999953e+01
1.306708333333333449e+01
1.449380952380952436e+01
1.451388888888888928e+01
1.547312499999999957e+01
1.848000000000000043e+01
1.243199999999999861e+01
8.407833333333332604e+00
