5.300000000000000000e+02
1.670000000000000000e+03
2.030000000000000000e+03
1.452666666666666742e+03
5.847599999999999909e+02
5.110956172839506735e+02
9.667252669039147577e+02
1.169580946372239850e+03
1.289945820433436438e+03
1.282281009174311976e+03
1.010641666666666652e+03
9.804189850746267894e+02
7.782326219512194712e+02
7.632924332344214235e+02
7.657648387096774059e+02
6.970777616279069662e+02
8.442305507246376237e+02
8.106065988372093898e+02
5.861319452887537409e+02
3.565157142857142958e+02
2.181763559322033927e+02
1.077588181818181710e+02
2.739571428571428555e+02
