9.415999999999999925e-01
2.719883040935672236e-01
2.470883116883116626e-01
4.306797235023041015e-01
4.940333333333333243e-01
6.943311965811965747e-01
7.805910064239828250e-01
7.512882729211087796e-01
9.076023605150214113e-01
1.175512526997840368e+00
1.329157483731019607e+00
1.744013815789473565e+00
1.835074890829694327e+00
1.922699779249448016e+00
2.125079287305122744e+00
2.105564009111617452e+00
1.675077804878048582e+00
1.833116279069767263e+00
3.926928571428571768e+00
8.442749999999998423e+00
1.590000000000000036e+01
