1.259411111111111126e+01
1.608978571428571414e+01
1.514105882352941279e+01
2.241742857142857304e+01
3.392139130434782857e+01
3.406150000000000233e+01
3.174176923076922918e+01
3.435799999999999699e+01
4.086899999999999977e+01
4.393384615384615444e+01
4.608923076923077389e+01
3.495683999999999969e+01
4.360760000000000502e+01
4.191583333333333172e+01
4.725238095238095326e+01
5.430349999999999966e+01
5.394268749999999812e+01
5.567692307692307452e+01
3.994000000000000483e+01
2.716000000000000014e+01
