5.588111111111111029e+00
8.281700000000000728e+00
1.956852941176470395e+01
1.247180645161290435e+01
1.776697872340425377e+01
3.375633333333333042e+01
3.112998809523809740e+01
4.051044554455445734e+01
4.000749532710280221e+01
4.217188392857143242e+01
3.790356896551724475e+01
3.742214166666666131e+01
3.819754237288135101e+01
3.466117647058824502e+01
3.385076470588235509e+01
2.870308620689654688e+01
3.584488073394494734e+01
3.205274038461538311e+01
2.973334782608695903e+01
3.416986486486486285e+01
3.846563461538461581e+01
4.161189130434782157e+01
4.346938888888888641e+01
3.113373913043477970e+01
2.346514285714285819e+01
3.778142857142857025e+01
4.252200000000000557e+01
