6.200000000000000000e+02
3.470000000000000000e+03
5.390000000000000000e+03
4.230000000000000000e+03
3.830000000000000000e+03
2.001666666666666742e+03
1.750400000000000091e+03
4.395333333333333030e+03
5.331111111111111313e+03
5.578304347826086996e+03
5.554090909090909008e+03
5.495238095238095411e+03
4.596363636363636033e+03
3.460956521739130494e+03
3.513181818181818016e+03
3.270636363636363512e+03
3.458136363636363512e+03
3.361739130434782510e+03
3.563809523809523853e+03
2.107857142857142662e+03
1.378647058823529505e+03
8.148583333333332348e+02
1.855000000000000000e+03
1.512000000000000000e+03
1.277000000000000000e+03
9.720000000000000000e+02
1.990000000000000000e+03
5.490000000000000000e+02
2.750000000000000000e+03
9.680000000000000000e+02
