6.170000000000000000e+02
9.085000000000000000e+02
5.945000000000000000e+02
5.151910000000000309e+02
1.650761403508771821e+02
1.813615324675324700e+02
3.000015668202765369e+02
3.994645969498910745e+02
5.099020512820512749e+02
4.656200856531049794e+02
4.614691684434968693e+02
4.843814163090129341e+02
5.281189632829374432e+02
5.784426464208243033e+02
6.467287938596491585e+02
6.984143449781660138e+02
7.652209713024282109e+02
8.036346770601337539e+02
8.122792938496583020e+02
6.956523414634147002e+02
7.092422480620155056e+02
1.571347619047619219e+03
3.696949999999999818e+03
6.720000000000000000e+03
9.670000000000000000e+03
