6.200000000000000000e+02
3.470000000000000000e+03
3.665000000000000000e+03
2.490000000000000000e+03
2.732500000000000000e+03
1.774685714285714084e+03
1.701071428571428669e+03
3.268482758620689765e+03
3.591142857142857338e+03
4.330795454545454959e+03
4.536088888888888505e+03
4.626977777777778101e+03
4.035145833333333485e+03
3.705469387755102161e+03
3.862208333333333485e+03
3.829895833333333485e+03
4.410083333333333030e+03
3.641250000000000000e+03
3.874760869565217490e+03
3.100577777777777555e+03
2.903078947368421268e+03
3.187309999999999945e+03
4.451555555555555657e+03
4.442133333333333212e+03
3.100250000000000000e+03
1.439125000000000000e+03
2.655000000000000000e+03
9.895000000000000000e+02
2.750000000000000000e+03
9.680000000000000000e+02
