1.647749999999999915e+01
1.174192857142857171e+01
3.199058620689655186e+01
3.436594285714284780e+01
4.367536363636364172e+01
4.486559999999999349e+01
4.483168888888889114e+01
3.768752083333333047e+01
3.071338775510204044e+01
3.380862499999999926e+01
3.282285416666666578e+01
3.564085416666666362e+01
2.636974999999999980e+01
3.424986956521738790e+01
2.857431111111111122e+01
2.931242105263158138e+01
3.483283333333334042e+01
4.862683333333333735e+01
4.846613333333333173e+01
3.330400000000000205e+01
2.061500000000000199e+01
