3.372888888888889269e+00
3.052599999999999980e+00
5.603000000000000647e+00
6.971064516129032107e+00
7.077489361702128612e+00
1.212778260869565194e+01
1.309313095238095315e+01
1.810961386138614060e+01
1.721500280373831870e+01
1.703434821428571411e+01
1.598459482758620887e+01
1.492649166666666716e+01
1.516872033898305006e+01
1.380395546218487013e+01
1.340815126050420147e+01
1.193984482758620480e+01
1.319773394495412866e+01
1.198245192307692264e+01
1.120111956521739138e+01
1.376975675675675603e+01
1.670423076923076877e+01
1.725567391304347709e+01
1.721836111111111123e+01
1.204513043478260670e+01
9.911071428571428754e+00
1.565228571428571236e+01
1.636800000000000210e+01
4.818399999999999572e+00
