4.679999999999999716e+00
4.112285714285714100e+00
3.923571428571428488e+00
9.828896551724138675e+00
1.265602857142857296e+01
1.529485227272726888e+01
1.532779999999999632e+01
1.606380000000000052e+01
1.236972916666666755e+01
1.097028571428571553e+01
1.143697916666666536e+01
1.196750000000000114e+01
1.347685416666666924e+01
1.083566666666666833e+01
1.173941304347825998e+01
9.295333333333331893e+00
9.110842105263159851e+00
9.201800000000000423e+00
1.396944444444444322e+01
1.617773333333333241e+01
1.056749999999999901e+01
6.780124999999999957e+00
