5.925000000000000000e+02
1.112400000000000091e+03
1.911744444444444525e+03
1.653400000000000091e+03
2.436823529411764866e+03
2.125974193548387120e+03
2.378957446808510667e+03
3.506927536231884005e+03
3.470035714285714221e+03
4.455980198019801719e+03
4.374158878504673339e+03
4.790187500000000000e+03
4.713155172413793480e+03
4.712649999999999636e+03
4.792449152542372758e+03
4.482756302521008365e+03
4.352747899159663575e+03
3.995689655172413950e+03
4.313211009174311585e+03
3.754471153846153811e+03
3.179706521739130494e+03
3.351625675675675666e+03
3.662361538461538203e+03
3.792956521739130494e+03
3.558583333333333485e+03
2.538695652173913004e+03
2.266500000000000000e+03
2.988857142857142662e+03
3.474000000000000000e+03
1.112000000000000000e+03
