3.815444444444444194e+00
3.154399999999999871e+00
5.370000000000000107e+00
5.672387096774192727e+00
6.123659574468083733e+00
1.007087246376811684e+01
1.098433333333333373e+01
1.487200495049504667e+01
1.414100000000000001e+01
1.521931249999999913e+01
1.393487068965517395e+01
1.355652500000000060e+01
1.355092372881355978e+01
1.250714285714285623e+01
1.227185714285714369e+01
1.082479310344827539e+01
1.173034862385321553e+01
1.140845192307692102e+01
1.057365217391304135e+01
1.051771621621621478e+01
1.307321153846153905e+01
1.389582608695652333e+01
1.377655555555555544e+01
1.039265217391304397e+01
7.096528571428570409e+00
1.567714285714285793e+01
1.344200000000000195e+01
4.198800000000000310e+00
