3.167250000000000121e+00
5.923142857142857487e+00
4.636714285714285566e+00
1.135396551724137915e+01
1.566280000000000605e+01
1.917306818181818073e+01
1.950191777777778057e+01
1.882293333333333507e+01
1.523091666666666733e+01
1.278948979591836910e+01
1.344602083333333375e+01
1.289804166666666596e+01
1.386570833333333574e+01
1.072316666666666585e+01
1.270489130434782687e+01
1.052233333333333398e+01
9.892605263157893347e+00
1.342616666666666703e+01
1.978777777777777658e+01
1.975146666666666562e+01
1.313166666666666593e+01
5.719749999999999446e+00
6.238500000000000156e+00
