6.800499999999999545e+00
4.094888888888889689e+00
5.891071428571429180e+00
6.243411764705881772e+00
9.333904761904761926e+00
1.166679565217391357e+01
1.236675000000000146e+01
1.237784615384615350e+01
1.250526923076923325e+01
1.458911538461538449e+01
1.655061538461538717e+01
1.827996153846153859e+01
1.406764000000000081e+01
1.575479999999999769e+01
1.549375000000000036e+01
1.610809523809523824e+01
2.139555555555555344e+01
2.184499999999999886e+01
2.272230769230769098e+01
1.560599999999999987e+01
7.426666666666666750e+00
