1.940000000000000000e+03
7.500000000000000000e+02
1.635000000000000000e+03
1.604450000000000045e+03
1.673666666666666742e+03
2.061142857142857338e+03
1.748823529411764639e+03
2.964476190476190368e+03
3.562347826086956502e+03
3.867250000000000000e+03
3.560269230769230944e+03
3.921769230769230944e+03
4.157538461538461888e+03
4.303115384615384755e+03
5.215576923076922867e+03
3.898400000000000091e+03
4.135960000000000036e+03
3.969208333333333485e+03
4.137142857142856883e+03
4.768944444444444343e+03
4.776125000000000000e+03
4.892923076923077133e+03
3.464900000000000091e+03
1.594833333333333258e+03
3.320000000000000000e+03
1.430000000000000000e+03
